hla-genotyper_C03:03	948	651	641	8	2	0.9846390168970814	0.01228878648233487	0.0030721966205837174	allele_all_num	error_num_total	C03:04	C03:02	other	top1_ratio	top2_ratio	other_ratio	0.6867088607594937
hla-genotyper_C12:02	315	99	92	2	5	0.9292929292929293	0.020202020202020204	0.050505050505050504	allele_all_num	error_num_total	C12:03	C07:02	other	top1_ratio	top2_ratio	other_ratio	0.3142857142857143
HLA-HD_C07:01	2891	671	346	78	247	0.5156482861400894	0.11624441132637854	0.368107302533532	allele_all_num	error_num_total	C07:618	C07:18	other	top1_ratio	top2_ratio	other_ratio	0.23209961950882046
HLA-HD_A03:01	2621	417	52	52	313	0.12470023980815348	0.12470023980815348	0.750599520383693	allele_all_num	error_num_total	A03:43	A03:26	other	top1_ratio	top2_ratio	other_ratio	0.15909958031285767
HLA-VBSeq_B52:01	332	292	55	17	220	0.18835616438356165	0.05821917808219178	0.7534246575342466	allele_all_num	error_num_total	B51:01	B14:02	other	top1_ratio	top2_ratio	other_ratio	0.8795180722891566
HLA-VBSeq_C12:03	1125	1001	122	108	771	0.12187812187812187	0.10789210789210789	0.7702297702297702	allele_all_num	error_num_total	C12:57	C07:01	other	top1_ratio	top2_ratio	other_ratio	0.8897777777777778
OptiType_A02:01	5068	743	333	168	242	0.44818304172274565	0.22611036339165544	0.32570659488559894	allele_all_num	error_num_total	A02:13	A02:74	other	top1_ratio	top2_ratio	other_ratio	0.14660615627466456
OptiType_C08:02	716	75	24	23	28	0.32	0.30666666666666664	0.37333333333333335	allele_all_num	error_num_total	C05:01	C08:04	other	top1_ratio	top2_ratio	other_ratio	0.10474860335195531
POLYSOLVER_A25:01	435	371	343	18	10	0.9245283018867925	0.04851752021563342	0.026954177897574125	allele_all_num	error_num_total	A26:01	A66:01	other	top1_ratio	top2_ratio	other_ratio	0.8528735632183908
POLYSOLVER_B27:05	654	204	164	25	15	0.803921568627451	0.12254901960784313	0.07352941176470588	allele_all_num	error_num_total	B27:02	B27:03	other	top1_ratio	top2_ratio	other_ratio	0.3119266055045872
SOAP-HLA_B58:01	275	203	129	15	59	0.6354679802955665	0.07389162561576355	0.29064039408866993	allele_all_num	error_num_total	B58	B35:20	other	top1_ratio	top2_ratio	other_ratio	0.7381818181818182
SOAP-HLA_B35:01	1238	974	296	194	484	0.30390143737166325	0.19917864476386038	0.49691991786447637	allele_all_num	error_num_total	B35	B	other	top1_ratio	top2_ratio	other_ratio	0.7867528271405493
xHLA_C06:02	1811	471	436	5	30	0.9256900212314225	0.010615711252653927	0.06369426751592357	allele_all_num	error_num_total	C06:103	C07:406	other	top1_ratio	top2_ratio	other_ratio	0.2600773053561568
xHLA_A24:02	1881	226	131	20	75	0.5796460176991151	0.08849557522123894	0.33185840707964603	allele_all_num	error_num_total	A24:11	A24:03	other	top1_ratio	top2_ratio	other_ratio	0.12014885699096226
Kourami_A11:01	1368	335	190	35	110	0.5671641791044776	0.1044776119402985	0.3283582089552239	allele_all_num	error_num_total	A11:50	A11:199	other	top1_ratio	top2_ratio	other_ratio	0.2448830409356725
Kourami_B44:02	1494	278	64	38	176	0.2302158273381295	0.1366906474820144	0.6330935251798561	allele_all_num	error_num_total	B83:01	B47:04	other	top1_ratio	top2_ratio	other_ratio	0.18607764390896922
